-0.00116222590297 -0.00116222590297 -0.00116223454813 -0.00116223454813
-0.00116223454813 -0.00116223454813 -0.00116223454813 -0.00116223454813
-0.466250682417 0.0329754066736 0.533749317583 0.0344734582737
0.0309651376518 0.0334512365928 0.036274522931 0.0338285980749
0.244489119596 0.0502679771401 -0.174419991382 0.00835004989946
0.450000701469 0.0495398812861 -0.352429563534 -0.0295784618941
0.396305767597 0.0245947052527 -0.285606668926 -0.0244789293668
0.138140536125 0.00189734145853 -0.0790213661207 0.0512173200742
-0.184934700081 -0.0174613544452 0.175366619561 0.145322827388
-0.370570674303 -0.0382206795769 0.361584811111 0.165365580672
-0.323390598968 -0.0242742204885 0.363574219348 0.0952749085313
-0.110377088122 0.0496285720409 0.16991025782 -0.0061954586547
0.136308798419 0.144341307147 -0.0950252622548 -0.088380233458
0.323835807538 0.182073772519 -0.285929289219 -0.130651618298
0.357252044264 0.124242559125 -0.299204736482 -0.102012337032
0.200495358398 0.00480373377444 -0.141357817417 0.0101120556982
-0.0507697427293 -0.109982816696 0.0844672238124 0.147954338016
-0.249313243254 -0.172707349479 0.272742575763 0.215663206494
-0.279823390244 -0.149476518446 0.325967990686 0.161352797342
-0.152661276452 -0.039988858024 0.216004042151 0.0282549300808
0.0301580163384 0.103598560504 0.0181109866025 -0.101297796798
0.191872843047 0.206385958166 -0.168782591226 -0.18056259773
0.266183462623 0.202022146528 -0.244087206017 -0.18022684543
0.211828496287 0.0844395938629 -0.167492084119 -0.0914219571976
0.0662983879973 -0.0735498234687 -0.00164961440875 0.0421995909747
-0.0960007222344 -0.195281286243 0.165738524474 0.154024229875
-0.185776661412 -0.224991738118 0.253016287414 0.179492741013
-0.154510079714 -0.151163172981 0.22090201264 0.100314383093
-0.0391899150373 -0.0215769460854 0.104635081289 -0.0292979522032
0.0945944475403 0.106192957435 -0.0402064741346 -0.144909986319
0.183707708833 0.174322880063 -0.146073409491 -0.197141604866
0.187911195873 0.139865324485 -0.153483163708 -0.163806641342
0.11946273347 0.0265349916582 -0.0664615829629 -0.0725784526525
0.0137988817011 -0.105262564877 0.0618456262503 0.033857351896
-0.0804808516367 -0.189650542865 0.161764765422 0.109536656812
-0.115091003034 -0.18960646981 0.186452255002 0.114563820658
-0.0744000668686 -0.119909982645 0.139096120868 0.0483966618664
0.0159612710583 -0.0202165082326 0.0495902393763 -0.0531998815128
0.104089043979 0.0668057209004 -0.0415468206223 -0.13735667048
0.145862795791 0.102713736441 -0.0940797923549 -0.164879074146
0.130683294012 0.073225543131 -0.0837583895606 -0.133354373736
0.0735865566048 -0.00654598554253 -0.0177135857992 -0.0648592706646
0.00442542996926 -0.0917021815981 0.0632789342046 0.007541571295
-0.0491128967259 -0.141818181134 0.117283529266 0.0552874727235
-0.0634886747422 -0.139845726067 0.124104988604 0.0586539607572
-0.031586024979 -0.0951155783007 0.0879745761757 0.0157872698085
0.0262203767887 -0.0341199316862 0.0321992696339 -0.0482193410459
0.0786426385295 0.0173780148751 -0.0202067132599 -0.101026200273
0.102114133685 0.0405510789111 -0.0485775967119 -0.120626874364
0.0896021582933 0.0252879783793 -0.0405331922362 -0.102786157167
0.0540116364622 -0.0166240701487 -0.00387461205575 -0.0626746718768
0.0114571397367 -0.0642753934646 0.0412888746409 -0.0182355463226
-0.0207124035814 -0.0949027689022 0.0725917573895 0.0130466571898
-0.0298136017556 -0.0977170210422 0.0775700155327 0.018934965989
-0.0140769795638 -0.0767935933755 0.0596196344093 -0.000324077089876
0.0171435839172 -0.0442748285895 0.0289778907063 -0.0341141653607
0.0474825998534 -0.0139247987122 -0.00059183516145 -0.0652525478967
0.0628015913814 0.00221338278045 -0.0177547367879 -0.0801003433142
0.059557735023 0.000256540882647 -0.0171307805998 -0.0755735875941
0.0410240645708 -0.0179816983226 -0.000377331310491 -0.0558314267213
0.0173086028398 -0.0414961599514 0.0227045175823 -0.031210236917
-0.00241414099088 -0.0597829331168 0.0409692974462 -0.0113987763961
-0.010896915883 -0.0654364824418 0.0474435755755 -0.00324841676974
-0.00599418190724 -0.0579845311705 0.0407381948771 -0.0088863269901
0.00834730073678 -0.0421083327787 0.0259513738132 -0.0236962479367
0.0244156811617 -0.0251296164072 0.00953149824188 -0.0400591864469
0.0352277922055 -0.0129039775482 -0.00206449590994 -0.0507165144442
0.0362803843533 -0.0100194575015 -0.00485198261703 -0.0515663342309
0.0290474583546 -0.0153739013842 0.000874696164571 -0.0438674165115
0.0168119812971 -0.0260620321069 0.0116537826754 -0.0312796748878
0.00525720729524 -0.0359754349519 0.0220293820134 -0.0192167899181
-0.00168193003808 -0.0411440423531 0.0273944594499 -0.0119700057187
-0.00190617699077 -0.0395043483584 0.0263171075475 -0.0113118146745
0.00346688857885 -0.0325493730815 0.0196795135932 -0.0164448472189
0.0114108448745 -0.0230566267084 0.0108945382895 -0.0240084853857
0.0177619553283 -0.0150852047214 0.0033543631023 -0.0301615350937
0.0202985852627 -0.0106507188546 -0.000346908972448 -0.0323273220009
0.017833373042 -0.0112367400557 0.000635259655779 -0.0296406292806
0.0123014439078 -0.0149614664649 0.0050000481968 -0.023635472422
0.00566304595313 -0.0199985117347 0.0102864805611 -0.0166159782736
0.00079855819039 -0.0232631597166 0.0140181576836 -0.0110995499214
-0.00107867902179 -0.0236058454392 0.0144902096654 -0.00872798213542
0.000391500564145 -0.020556833825 0.0118825683401 -0.00953309777043
0.0037011206979 -0.0156951038701 0.00724361565969 -0.0124451699602
0.00730259297999 -0.0104217862221 0.00255816063311 -0.0155369751445
0.00909871260256 -0.00690986056619 -0.000593840839889 -0.0171009201975
0.00875176481332 -0.00547708861216 -0.00137595168902 -0.0163502345256
0.00604074459671 -0.0065234216601 -8.30376809129e-06 -0.0134185464549
0.00253285623315 -0.00844380689421 0.00242591553364 -0.00941772803438
-0.000849400582683 -0.0103778082643 0.00450371194453 -0.00567865065009
-0.00267374667121 -0.0107732900137 0.00524932290414 -0.00324778567265
-0.00291138498554 -0.00962498723649 0.00416822764499 -0.00262845464819
-0.00161186097021 -0.00688882687808 0.00179913237636 -0.00339259219786
-3.6763653524e-05 -0.0038595348868 -0.00106682649964 -0.00473826410762
0.00123452525068 -0.00107637076256 -0.0033816733536 -0.0056346121761
0.00112640880864 0.000312380007802 -0.0045415865883 -0.00542596974747
3.03868928173e-06 0.000662517863182 -0.0044309371127 -0.00398723262912
-0.00214795633946 -0.000113956337919 -0.0035078409016 -0.00172443831775
-0.00418734227922 -0.000852357229347 -0.00243999003627 0.000702700593282
-0.00584314221757 -0.00128726957942 -0.00198582490221 0.00253185339393
-0.00638041332935 -0.000641665896455 -0.00239847809358 0.00348467786944
-0.00623840783782 0.000666779929864 -0.00371192732791 0.00347600922865
-0.00545659249625 0.00262743991901 -0.00540625876971 0.00301102034715
-0.00497435195401 0.00430136343768 -0.00701838357219 0.00252988795802
-0.00480805789422 0.0056413738868 -0.0080550178671 0.00257790755559
-0.00555683607394 0.00603762607009 -0.00838848021202 0.00326807151202
-0.00663795055825 0.00603802178141 -0.00812923566233 0.00454641082975
-0.00810634717178 0.00557768293675 -0.00769573638242 0.00598368217805
-0.00915711537908 0.00546593551161 -0.00741852068899 0.00726780416934
-0.00991533326065 0.00560443850964 -0.00764705791423 0.00800039076624
-0.00995372916312 0.00642235875515 -0.00832974332455 0.00825178093762
-0.00984112467055 0.00737846437388 -0.00937515357351 0.00805758203336
-0.00946958367964 0.0085649635163 -0.0104111336623 0.00783249744613
-0.00954255118846 0.00930034039808 -0.0112136291134 0.00775690233088
-0.00978083947016 0.00982216212607 -0.0115837207524 0.00809095499186
-0.0105736149512 0.00976947164289 -0.0116131052693 0.00870915622297
-0.011312255 0.00967941571805 -0.0114183340837 0.0095488197316
-0.0121899293796 0.00943160762774 -0.0113077768372 0.010268286599
-0.0126073832047 0.00955796311388 -0.0113846013555 0.010808860987
-0.0129113489062 0.0097806292993 -0.0117734735389 0.0109445791937
-0.0127722367043 0.0103988513912 -0.012347964583 0.0109064593289
-0.0127370981069 0.0108742134496 -0.0129870160724 0.0106685008073
-0.0125605802304 0.0114019970442 -0.0134557588129 0.010545580318
-0.0128846689513 0.0116201891722 -0.0138283930135 0.0106374553476
-0.0132161338131 0.0118221354512 -0.0139637601728 0.0110173992234
-0.0138556968313 0.0116089232775 -0.0139513583041 0.0114071514114
-0.014135773908 0.0114756589279 -0.0137795272846 0.011767636045
-0.0150730506727 0.011707747823 -0.0142770913418 0.0124298516894
-0.0151578836075 0.01203587266 -0.0145187134551 0.0126508509275
-0.0151267525119 0.0118810519907 -0.0146489880699 0.0123090694784
-0.0154374837705 0.0128965133694 -0.0155648238049 0.0127475846548
-0.0162777856847 0.0134336542194 -0.0165350020244 0.0131086742247
-0.0169013525794 0.0147756706742 -0.0176071421443 0.0140045127828
-0.0173502253222 0.0141892380148 -0.0176075145556 0.0138422501037
-0.0194352767321 0.0168316410776 -0.0198776675043 0.0163446106999
-0.0210166238225 0.016465152501 -0.020541542979 0.0169071209138
-0.0232875959551 0.0200661989656 -0.0233638319649 0.019963817783
-0.0203080658404 0.0153758837751 -0.0195689408641 0.0160393138777
-0.0281363545327 0.0249665338858 -0.028493922061 0.0244597482752
-0.0336963757263 0.0264056346764 -0.0326912203035 0.0272367279855
-0.0349217727769 0.0322721886976 -0.0362132816336 0.0308357672875
-0.0908757528645 0.0725725150666 -0.0877869517796 0.0758304811723
-0.0546162001017 0.0523394797304 -0.0570429649309 0.0499029413626
-0.0652997560437 0.0513517709076 -0.0633487459177 0.053646876021
-0.0439756083922 0.0408352477028 -0.0455978466411 0.0392139971577
-0.00173690801999 -0.000176515468767 -0.00200029643416 -0.000539013706848
-0.0419346945669 0.0382914934054 -0.043127995828 0.0369255041115
-0.029626017303 0.0218604042582 -0.02867383648 0.0227639415883
-0.0521361574586 0.0487444838561 -0.0540819758922 0.0465874369688
-0.0698060376551 0.0536978334381 -0.0672687845715 0.0562855203439
-0.116939676258 0.114978549425 -0.122748711768 0.109445986033
-0.0719577892602 0.0551286718976 -0.0694833471558 0.057948901415
-0.0563432355996 0.0529591027513 -0.058963022318 0.0506187532283
-0.142691936844 0.111099397527 -0.137349020455 0.117123609624
-0.0479605294045 0.0443596518598 -0.0500531871548 0.0422910252574
-0.119069494425 0.0921777191318 -0.114117733816 0.0968826156338
-0.071257671566 0.0683780493013 -0.074626667409 0.0647881397418
-0.000858859548733 -0.00174798236901 -0.00132542159289 -0.00219915037169
-0.0795682686796 0.0770283866765 -0.0833341085739 0.0728352535215
0.00284374827587 -0.00471096945239 0.00207208226945 -0.00549101999999
-0.119406157265 0.118542289282 -0.125544089811 0.111761574237
-0.0874834651059 0.0666890768226 -0.0838506815308 0.0705710371624
-0.0798955526599 0.0780205100273 -0.084340112523 0.0738184448576
-0.156015956118 0.121622460597 -0.149576126435 0.129209707083
-0.10950206303 0.109352222059 -0.115914539519 0.103150733745
-0.13537728021 0.105244883651 -0.129528276528 0.111617953623
-0.031833830084 0.0279953929997 -0.0331409695485 0.0266888514114
-0.122100986365 0.094389825683 -0.116110132703 0.100581860748
-0.0815292153725 0.0799957908523 -0.0852988774384 0.0760624131213
-0.114353243334 0.0887840975616 -0.108888602214 0.0940309956636
-0.0957259416722 0.0956661229271 -0.100558568899 0.0903241131494
-0.142627009551 0.113183323157 -0.13712292179 0.11871306376
-0.0958500460242 0.0970840736752 -0.101651877328 0.0908781303853
-0.000539492335548 -0.00323028891428 -0.00077502609348 -0.00349703961347
-0.101067248173 0.102171170767 -0.106578270754 0.0968120479969
0.00204732944404 -0.0054154542772 0.0017169567803 -0.00586454420524
-0.0481523810278 0.0458823854669 -0.0503598540956 0.0437403813711
-0.046104114329 0.0338772871784 -0.0439663265841 0.0361173450006
-0.14293813455 0.147455044484 -0.150241581271 0.139794977355
-0.22159639537 0.17984008779 -0.212044463481 0.189582067767
-0.134013373313 0.14003708707 -0.142376868997 0.131407800685
-0.159648775669 0.129572106945 -0.153517513538 0.136098432723
-0.214367311105 0.226356876314 -0.226367397723 0.213385646012
0.088823216373 -0.0778010117486 0.0840697796813 -0.0824717957703
-0.0477488244218 0.0462229132348 -0.0497715851121 0.0439850933113
-0.367501631309 0.30130930831 -0.348525931798 0.320629048911
-0.0691571857545 0.069700176502 -0.0726430462638 0.0662446648066
-0.382427884453 0.316766202203 -0.365154794313 0.335566995779
-0.166978032716 0.177018764677 -0.177443990046 0.167634011348
-0.0343583580083 0.0249034283092 -0.0331089174305 0.0263138197352
-0.0057928443049 0.00153910532094 -0.00600575167624 0.00132126152993
-0.0154682840787 0.00883735267683 -0.0148517743834 0.00945152450109
-0.000826603698836 -0.00381079589819 -0.000757759915492 -0.00373642792708
0.0473425202781 -0.0443382978862 0.0449603299557 -0.0466615335548
-0.0198057901879 0.0168879749639 -0.0207583451618 0.0159110606076
0.0242465493953 -0.0248568877778 0.0230817394821 -0.0261229155086
0.211569615605 -0.235069282208 0.223647321857 -0.223387738048
0.355928765929 -0.307905088027 0.341286008489 -0.324653073364
0.024143085074 -0.030880527091 0.0255798387756 -0.0294172567514
-0.00129183422691 -0.00324107702408 -0.00126104014674 -0.00320399790846
