5.23655496901 6.08551976653 5.88686515342 6.34526273109
9.26476792047 7.68787498024 3.21388071033 2.79001871878
4.81276162356 5.21658270044 4.61536772817 6.47490817066
3.73116281043 5.38492071724 6.30241312753 6.27235596458
3.60574022147 4.01218124252 5.4915327557 7.42463461026
2.26846063242 4.564130327 6.9043056926 7.2575443129
4.70615075167 3.90038167791 4.66500131496 6.41788727946
7.05387162322 6.19807803441 5.26305129568 4.55103011109
6.37867738251 5.45848108444 3.78989396128 3.7966060423
5.76231596379 7.90002828196 4.29138559413 4.056278671
6.27449629617 7.27131923239 3.50710738121 4.30770046176
5.319590359 5.39238957404 3.8095005966 4.71052266507
3.96680751732 5.64113634085 5.39499830867 6.15043658932
3.04602053676 3.42304440466 7.24474516094 5.37447082801
4.33031832913 5.2582206445 6.513536957 5.99477376638
4.64546147996 5.00903914528 6.19629053426 6.45936590613
4.89940840541 5.77682609531 4.36124274415 6.25254189817
6.54216795698 6.07896468814 4.95045304292 4.59654113871
6.51300631715 5.73822087402 3.327329004 3.12997024335
5.4876119912 5.92695971791 3.85868334007 4.94858622407
6.01152623377 5.6745074572 4.43921189074 5.63493975318
5.01141777215 5.22410102504 7.04850784407 5.44334766907
3.51177858931 3.3102047513 5.17055374544 6.19322053386
4.50856812925 3.5207101666 6.54610057954 6.58913809845
4.53674187646 5.0134445651 5.12470332817 5.86518932714
6.61779327123 5.35412801717 4.90107731331 5.47271441569
5.82772486591 6.59861041554 4.56638223221 5.19778473937
6.11172913946 6.13730454725 4.28378480585 4.1687037428
6.84288183114 6.46809471354 4.14241892197 4.91212172524
6.29977085441 5.11636124062 3.96049731346 4.45755777126
4.34292475713 5.11078046562 5.30498535838 4.76915754795
5.24805982595 5.82105854439 5.80853883656 7.12271978148
3.79735879591 3.95608924295 5.85965757665 6.03801797143
5.30031163 3.63679874384 5.57000435869 5.73735485741
5.07511449596 5.66848019583 5.15608753644 4.91024521603
4.12529253032 7.09229615341 5.56800855156 4.17605392105
5.30776125203 6.67734704823 4.78912688934 4.23289655351
5.49021736632 7.2484199012 5.2559846237 4.85050372979
5.56701777216 5.36423034131 5.70055990039 6.00010666528
5.94201788991 4.88126918707 5.22277654211 5.5580201936
5.60938777282 4.6179936753 5.11854330843 5.94204042963
4.97046700901 5.7163128505 4.51902126115 5.92459671751
5.10428122098 4.54482979061 6.54336176627 6.64551305989
6.322733827 5.8017514592 5.3475226853 5.17178952906
5.85662998091 5.20920719509 5.61164689683 5.05420426479
5.3180159278 4.79242484402 3.6843409737 5.92974017773
6.32941049591 5.53235882491 4.00917691199 5.9018323954
5.13287045185 4.96905941056 6.02963789773 4.94971295679
5.14774405787 6.04423486353 5.98914798616 5.05514696824
4.69588202266 5.09142676167 5.75936655018 5.2329449412
5.18951058545 4.16750628499 5.70258455629 4.54758877319
5.4695887686 4.86191122259 5.93292027285 5.16848621589
3.82800122488 4.30871104432 5.4259653789 5.07337008156
5.12314709209 4.54636858195 5.93663881145 5.37882845145
5.7399448003 5.18089497079 5.6430940708 5.1512315363
5.51273726061 5.12761089721 6.20762815342 4.8330143991
4.70934135942 6.40500266155 5.18583760823 5.48980733629
4.53137885079 5.76529780117 4.74407529585 3.99545801865
6.37045642968 5.04743182094 5.30967619256 6.57912202177
5.81456319269 4.69074864937 5.78622524524 5.27656428387
3.69405258719 6.10794419044 5.11436476108 4.89548614129
6.04287740265 5.31381763168 5.23620132673 5.1888139738
5.47805513999 5.97037029292 5.47866616658 5.36716776845
5.0836358124 6.00996465497 4.56852124843 6.36715605471
5.91388239553 5.09548040101 6.08569970746 5.32091695741
4.61921149654 5.66077723218 6.35713207304 6.47736581678
5.44523489377 5.38225279388 6.52040905528 4.85453618707
5.40618563323 6.25242871861 4.90051150814 4.81339401173
4.07556921429 4.71540508659 6.53257218414 5.72461958511
5.21459976288 5.50189043349 5.96324169108 6.41548734302
6.25608256506 5.24984146356 5.59990463398 5.36331625854
6.3428489112 4.71117268205 5.48981394174 5.65770232599
4.52077554508 5.394752905 5.18953581937 5.14468078618
4.72285514909 4.76233121957 5.44407952568 6.0936449669
5.39890351167 5.50335907503 4.67023887306 5.0144931494
5.96743512835 5.89197171785 4.13839777115 5.60146339945
5.78433283733 5.79910802224 5.37750994926 4.80505116494
5.28983493577 5.72028311592 4.29992477385 4.60987768932
6.05491906628 5.8682294231 4.19264463654 5.86954917988
4.52632107165 4.49854697651 4.6004675214 6.1234059416
5.73682530837 6.27975229286 4.67620976325 6.28275706342
4.6444876547 5.25313382688 5.44779668539 6.07358938241
5.13686462618 5.99167095877 4.33292521092 4.94772425232
6.01276504064 6.11063524191 4.66857303698 5.14970778743
4.87130671732 5.56235970459 5.34965641672 4.86789387531
5.27397463652 5.5075323433 6.42168908474 5.41434436265
5.15890706113 4.6911146124 5.69619601006 5.82481998461
5.74417629733 5.72365088531 5.5155769743 6.38754539287
5.78147389724 5.07696537834 5.21444675594 6.31304515873
4.1323062375 5.34244812963 5.65691515729 5.27227080431
5.75758297864 5.22625653615 4.32946170206 5.15605593543
4.37694453888 5.81038788159 5.54006806426 5.97696316661
6.21204362526 4.82913923313 5.46842407685 4.81355355085
6.24181695348 5.86570870877 5.83983447949 4.70428259653
5.7729253369 5.85188918585 5.41919661332 4.94139977639
5.07063296969 6.7845262572 6.61404880735 5.85628818649
4.3888757942 5.57017258714 5.26261401966 4.99937599741
5.8261291341 5.50136350545 4.58719805745 4.77314643966
3.82897786272 5.41356838333 5.76582555168 4.97883559011
6.20562238152 5.78635344313 4.97071605521 5.72013585305
4.35372001591 5.17437391183 6.10042143383 4.85628617668
5.73807261899 4.33740244627 5.08282547222 6.13496484903
5.60514134115 5.13264181657 6.61169007694 5.27579934298
5.2540576749 4.49427920769 5.45555705628 5.23368292124
4.98294572225 5.36554638714 4.47919344965 5.61811670005
5.65171262986 4.9332260197 5.62342356478 4.99550696737
5.80430567747 6.58358461124 4.24135717563 5.2275085436
4.27416194708 5.52654160853 5.61501154447 4.45185723089
6.00922069942 5.95922326382 4.43737162134 5.13905710519
5.86581082933 5.00687775665 5.19691188445 5.04113127352
6.36528361149 5.50706623061 5.51116670895 5.25044929008
4.37106204864 5.69415896973 5.46793824431 4.86763588312
5.92213689896 4.45357277186 5.91428739027 5.04081162853
6.17235907531 4.39100226648 5.12994398235 4.51867131153
5.33646683841 6.06429745131 5.49656652393 6.56212245991
5.59480761899 5.69654641546 5.18243167978 5.88492169763
6.28459683837 5.69026849695 4.89822639142 5.20524287674
6.7556784345 4.52730835198 4.56909346462 5.2346941626
5.39492811888 4.89207109096 5.11820344932 5.67518976009
5.38910425028 4.31971411671 6.57990663944 5.54527987489
5.39387238823 6.0900172746 5.40444131483 3.98246937432
6.75231901062 6.6941476886 5.95428732039 5.08984707874
5.5442530457 6.03651937824 4.37370417298 5.83341212442
5.79012865535 6.27303336742 4.80384039956 5.3939852238
7.14057416558 4.64149282207 4.52687089751 5.00754558457
6.24969286668 6.43481282017 6.0715665645 4.15497418454
4.55272475739 4.95246063407 5.21982501566 6.01719243142
4.69985406916 6.21810584582 5.85227999043 5.22442149512
4.67515104286 5.80193399284 5.18448263437 5.69996998381
4.73182496178 6.09839325666 5.67872784297 5.19286965119
4.39851222044 5.1421719074 6.38192406572 5.08749859104
5.98474836486 4.95162457376 5.41626543953 5.44118778118
4.69466569775 5.95163867212 5.37723112057 6.06265945891
5.15984795107 4.97960555569 5.67136561766 5.7503432674
5.29341808725 5.43112052578 5.73712995577 5.24142037771
5.57816388004 5.07258154536 4.76237373415 5.62946661879
5.24753414251 5.00140640207 5.44675465315 5.5114120948
5.24552206915 5.43268456238 5.897901106 5.57099656164
5.65416373845 4.78208502044 5.31130970593 5.87388242334
5.37620541979 5.12610754986 5.7731197873 4.93689701197
5.26956040648 4.82318075596 5.68129049686 6.91855354431
4.37377684366 5.76004016568 4.18257027246 5.89271704242
4.63236440377 5.00048504972 4.5871205826 4.82003033185
4.53297242017 6.08573120825 4.73346937455 5.3900169805
5.88887735725 6.37049740702 5.07706930466 4.97585657477
4.64567442633 6.04157097724 5.18685863482 4.6689636465
5.53471783708 6.08905704683 5.19038323819 6.39650290749
5.84870403104 5.9455588912 5.18170639072 5.52679178042
5.35244342153 5.56523229107 4.85896471483 5.27551037622
5.38097968708 6.64293567993 5.33278532921 5.90720220295
5.24552240778 5.23524893522 4.77387490072 4.54926666116
6.01840397664 3.71480744328 5.74116744291 4.98114607962
4.45348943947 5.49617757578 5.23957181068 6.26007453886
4.93544596546 4.39378657919 5.93146355802 5.66417753298
5.70613488785 5.59811203633 5.50166516765 5.23357763157
5.84958101647 5.29449972354 5.58775522648 5.48689793951
4.24664056133 6.6955301367 6.54678534287 4.01471417854
5.70287967717 6.045068122 5.64914897237 4.8595407199
4.60175604264 5.52816571971 4.17339465387 5.89726974474
6.37309215366 5.6975250539 5.58009888257 6.53045916343
5.36607283151 6.07130745377 5.24430413965 5.74960721762
6.02115642333 6.08704480642 4.13984502681 5.31901037774
5.6069870136 5.68256319047 5.79997701658 5.54693981949
4.84313202522 4.96425548599 4.28005066012 4.22969491882
5.84312073003 5.58726039281 5.89543226576 5.09520110301
5.84869333776 5.22031842007 5.49062727105 4.81031348664
5.33607769769 5.83472819291 5.93594786967 5.40868359126
4.98179806695 5.25065734768 5.60338386695 6.73051614827
5.00905059874 5.4581681999 5.754210444 5.32996745025
3.70987880796 5.96161304556 4.95726322806 4.82496974324
4.9880450945 4.87809115144 5.18072936698 5.63736998907
4.71394363525 6.40509224835 4.23123994838 5.51208505249
6.34000602921 5.43731668747 5.28446280407 5.15694934976
5.34529927982 4.853446288 5.52433607447 5.55554941291
5.88061059863 5.55631117386 5.05639532387 5.12202065233
4.66338143725 6.17455977283 5.42009938674 4.97899505782
3.32170087059 4.8168139674 5.70529286126 5.22145542296
6.19521723745 5.34313842848 5.83599258313 5.52062338109
5.43468288395 5.77935107623 5.59494171819 5.60510625606
5.78268328606 6.08104477401 5.79783111765 5.56495353801
4.37266313774 4.66695103092 3.96629378763 5.79034006352
4.57540735484 5.94911272596 6.36213553092 4.28610960794
5.74198955011 7.14668551855 5.97116806382 5.50484448871
3.6979884787 5.66710674629 5.33635562584 5.61726289226
4.36197339403 4.62665994086 5.44447829231 6.6825270647
4.97215631758 4.14769803314 4.43389284476 5.6275409389
5.14107312604 5.60932875062 4.59894359372 5.10346795078
3.47607667067 5.77753746661 5.8297267273 4.2815437933
4.07862414888 4.21155475492 5.36907398579 5.39875037567
4.77799882859 6.21316095101 5.48572061675 5.29962296118
6.16333662909 5.4393855837 4.40393010751 4.85803642821
6.36975830795 6.68438757672 5.71745090898 6.18591777963
6.19337471438 5.06280484721 5.19986846103 4.39107039003
4.77402407165 4.89630631025 5.14403825383 4.4229313344
4.54589648519 6.60493187489 5.50428878397 5.132181743
5.87991566931 4.95763592019 5.45454924071 4.50134977944
5.16583186903 5.55684068537 6.0546565728 4.92574589587
6.36753290289 5.84773093771 4.03561155741 4.95251393692
4.02705911545 5.42543544415 5.25398355969 5.84651691371
